; source file ppC2.het
;
; duration 5.919 s
;
; number of harmonics (amp/frq track pairs)
; 10
;
; amp track 1 (harmonic 0)
;
f100	0	128	-2
0
33
44
56
63
105
122
130
149
159
147
164
144
182
190
198
250
289
282
318
402
455
533
568
614
623
606
581
597
579
618
680
752
809
826
872
840
787
771
749
741
752
694
659
495
432
399
327
309
305
272
247
222
202
180
164
154
176
164
150
136
131
121
109
114
90
88
86
78
88
90
69
80
86
53
67
75
87
55
63
89
66
67
62
70
74
72
77
63
52
56
52
49
26
51
42
37
36
56
43
50
32
44
42
34
44
34
31
34
33
34
12
33
38
34
27
16
23
15
36
29
17
29
20
44
25
23
0
;
;
; frq track 2 (harmonic 0)
;
; Freq. Factor
;
f101	0	128	-2
1.000
1.431
1.108
1.062
0.985
1.031
1.015
1.031
1.000
1.031
1.031
1.015
1.031
1.015
1.031
1.015
1.031
1.046
1.015
1.000
1.015
1.015
1.000
1.000
1.015
1.015
1.015
1.015
1.015
1.015
1.015
1.015
1.015
1.015
1.015
1.015
1.015
1.015
1.015
1.015
1.015
1.015
1.015
1.015
1.015
1.015
1.000
1.000
1.000
1.000
1.015
1.031
1.000
1.015
1.000
1.000
1.015
1.000
1.015
1.015
1.015
1.000
1.015
1.000
1.015
1.031
1.031
1.031
1.015
0.985
1.000
1.000
1.046
0.969
1.015
1.031
1.031
1.000
0.985
0.985
0.985
1.015
0.969
1.077
1.031
1.015
0.985
0.985
1.046
1.031
1.000
1.000
1.031
0.969
0.985
1.062
1.015
1.031
0.985
1.015
1.000
1.015
1.000
0.985
1.062
0.938
1.031
1.108
1.015
1.015
0.969
1.108
1.092
1.000
0.862
1.062
1.154
1.046
0.738
0.954
1.046
1.062
1.046
1.000
0.969
1.000
1.062
1.062
;
; amp track 3 (harmonic 1)
;
f102	0	128	-2
0
76
77
119
209
280
378
465
619
737
818
984
1043
1166
1288
1445
1634
1771
2022
2242
2578
2895
3192
3615
3715
3829
3904
3869
3798
3843
4004
4205
4508
4639
4846
4976
4835
4744
4787
4749
4759
4737
4464
4103
3459
3122
2906
2625
2484
2346
2225
2128
2016
1922
1822
1734
1660
1578
1507
1442
1368
1310
1256
1204
1146
1107
1057
1020
962
924
886
842
800
775
748
697
675
639
617
582
566
531
511
482
462
444
421
394
376
364
347
334
319
304
290
278
270
259
247
232
227
215
206
196
190
178
165
165
159
145
141
133
129
123
121
107
100
98
97
96
105
87
81
89
77
75
75
0
;
;
; frq track 4 (harmonic 1)
;
; Freq. Factor
;
f103	0	128	-2
0.992
1.008
0.894
1.015
0.992
0.992
0.992
0.992
0.992
1.000
1.000
1.000
0.992
0.992
0.992
0.992
0.992
0.992
0.992
0.992
0.992
0.992
0.992
0.992
0.992
0.992
0.992
0.992
0.992
1.000
1.000
0.992
0.992
1.000
1.000
0.992
1.000
0.992
0.992
1.000
1.000
0.992
1.000
0.992
1.000
0.992
0.992
0.992
0.992
0.992
0.992
0.992
0.992
0.992
0.992
0.992
0.992
0.992
0.992
0.992
0.992
0.992
0.992
0.992
0.992
0.992
0.992
0.992
0.992
0.992
0.992
0.992
0.992
0.992
0.992
0.992
0.992
0.992
0.992
0.992
0.992
0.992
0.992
0.992
0.992
0.992
0.992
0.992
0.992
0.992
0.992
0.992
0.992
0.992
0.992
0.985
0.985
0.992
0.992
0.992
0.992
0.992
0.992
0.992
0.992
0.992
0.992
0.992
0.992
0.992
0.992
0.992
0.992
0.992
0.985
0.992
0.992
0.985
0.985
0.992
0.992
0.992
0.992
0.992
0.992
0.992
0.985
0.985
;
; amp track 5 (harmonic 2)
;
f104	0	128	-2
0
300
643
1288
1688
1476
1312
1589
2139
2108
2360
2618
2293
2405
2510
2718
3097
3124
3073
3291
3481
3712
3641
3421
3554
3725
3814
3704
3585
3942
4325
4720
5428
5471
5808
6008
5297
5072
5180
4788
4745
4640
3976
3263
2448
2438
1666
1537
996
1266
887
915
815
727
668
600
526
483
429
388
350
304
273
246
221
197
179
160
149
135
117
103
97
87
80
70
57
59
53
52
47
33
35
31
32
28
18
19
25
24
21
26
22
20
19
21
14
15
22
9
8
9
10
8
16
14
7
8
11
8
4
6
8
5
8
5
3
6
2
9
3
4
3
7
8
3
3
0
;
;
; frq track 6 (harmonic 2)
;
; Freq. Factor
;
f105	0	128	-2
0.980
0.975
0.970
0.975
0.985
0.990
0.995
0.985
0.985
0.990
0.990
0.985
0.990
0.985
0.985
0.985
0.985
0.990
0.990
0.985
0.980
0.985
0.985
0.985
0.985
0.985
0.985
0.990
0.985
0.985
0.985
0.985
0.985
0.990
0.985
0.985
0.990
0.985
0.985
0.985
0.985
0.985
0.990
0.990
0.990
0.985
0.980
0.985
0.980
0.985
0.985
0.985
0.985
0.985
0.985
0.985
0.985
0.985
0.985
0.985
0.985
0.985
0.985
0.985
0.985
0.985
0.985
0.985
0.985
0.985
0.990
0.985
0.985
0.985
0.985
0.990
0.990
0.985
0.980
0.980
0.990
1.000
0.985
0.985
0.965
0.995
0.990
0.990
0.990
0.975
0.995
0.980
0.975
0.975
0.970
0.990
0.990
0.995
0.970
1.005
1.015
0.975
0.980
0.970
0.990
0.980
0.980
0.980
0.985
0.865
0.985
1.010
0.985
0.980
1.015
0.825
0.875
0.940
0.945
0.950
1.120
0.850
1.075
1.000
0.940
0.880
1.130
1.130
;
; amp track 7 (harmonic 3)
;
f106	0	128	-2
0
80
197
343
439
733
775
797
917
957
973
1082
968
998
1061
1100
1270
1281
1215
1412
1733
2150
2689
3151
3373
3558
3702
3724
3716
3818
3919
4100
4428
4596
4780
5001
4989
4902
4946
4879
4780
4789
4553
4181
3588
3200
2905
2546
2323
2112
1905
1752
1611
1461
1326
1200
1087
969
878
780
695
622
553
486
439
391
356
326
298
267
246
227
205
194
188
181
166
157
147
142
131
119
112
100
93
87
82
77
70
71
61
55
50
42
42
34
26
30
27
22
28
28
33
21
18
18
23
23
24
11
21
19
16
8
17
19
14
14
16
14
16
15
12
9
11
5
8
0
;
;
; frq track 8 (harmonic 3)
;
; Freq. Factor
;
f107	0	128	-2
0.985
0.974
1.000
0.989
0.985
0.989
0.989
0.989
0.989
0.992
0.989
0.989
0.992
0.989
0.989
0.992
0.989
0.989
0.992
0.992
0.989
0.989
0.989
0.989
0.989
0.989
0.989
0.989
0.989
0.989
0.989
0.989
0.989
0.989
0.989
0.989
0.989
0.989
0.989
0.989
0.989
0.989
0.989
0.989
0.989
0.989
0.989
0.989
0.989
0.989
0.989
0.985
0.985
0.985
0.989
0.985
0.989
0.985
0.985
0.985
0.985
0.985
0.985
0.985
0.985
0.985
0.985
0.985
0.989
0.985
0.989
0.985
0.985
0.989
0.985
0.985
0.985
0.989
0.985
0.985
0.989
0.985
0.985
0.989
0.989
0.989
0.989
0.989
0.985
0.985
0.985
0.989
0.985
0.989
0.985
0.981
0.981
0.989
1.004
0.985
0.985
0.981
0.989
0.985
1.000
0.985
0.996
0.970
0.989
1.030
0.962
0.981
0.992
0.992
0.981
1.000
0.996
0.985
0.989
0.977
0.989
0.996
0.974
0.977
1.008
1.094
0.992
0.992
;
; amp track 9 (harmonic 4)
;
f108	0	128	-2
0
86
218
203
114
136
142
233
346
578
709
894
1032
1139
1262
1555
1737
2065
2467
2650
2915
3153
3170
3127
3263
3362
3464
3560
3486
3646
3665
3950
4304
4600
4703
4865
4966
4803
4771
4860
4708
4751
4519
4014
3565
2723
2623
2148
1870
1660
1377
983
799
655
533
446
382
332
287
245
205
164
127
101
80
72
62
59
55
49
35
30
27
19
23
22
26
27
24
24
19
20
18
9
8
5
9
8
12
11
8
16
11
7
5
8
3
5
5
2
3
3
7
4
6
8
7
7
5
6
9
7
4
7
5
3
5
2
4
7
3
4
6
3
3
6
5
0
;
;
; frq track 10 (harmonic 4)
;
; Freq. Factor
;
f109	0	128	-2
0.976
0.958
0.964
0.979
1.003
0.994
0.961
0.985
0.994
0.982
0.976
0.985
0.982
0.979
0.982
0.982
0.979
0.982
0.982
0.979
0.979
0.979
0.979
0.976
0.979
0.982
0.979
0.979
0.979
0.982
0.982
0.982
0.982
0.982
0.982
0.982
0.982
0.982
0.982
0.982
0.982
0.982
0.982
0.982
0.982
0.979
0.982
0.979
0.982
0.982
0.982
0.982
0.982
0.985
0.982
0.982
0.985
0.982
0.982
0.982
0.982
0.985
0.985
0.982
0.985
0.985
0.982
0.985
0.985
0.982
0.985
0.985
0.988
0.982
0.985
0.985
0.982
0.982
0.982
0.982
0.985
0.973
0.982
0.997
0.970
1.003
0.991
1.003
0.985
0.991
0.961
0.976
0.982
0.955
0.967
0.979
0.943
1.000
1.009
1.045
0.884
1.030
0.991
0.958
0.985
0.967
1.012
1.024
1.018
0.991
0.970
0.982
0.934
0.970
1.024
0.952
0.934
1.051
0.922
0.955
0.985
0.946
0.997
0.913
0.955
0.940
0.925
0.925
;
; amp track 11 (harmonic 5)
;
f110	0	128	-2
0
55
94
355
274
298
421
501
577
959
933
1307
1262
1075
1151
1329
1096
1384
1440
1309
983
1214
1527
1224
1039
1293
1369
1557
1501
1905
1801
2007
2180
2399
2252
2121
2044
1943
1733
1819
1608
1818
1750
1593
1565
1063
1008
882
792
761
621
515
450
414
387
357
327
299
272
248
223
199
176
163
144
132
118
109
94
86
79
74
73
66
59
51
48
42
37
40
33
31
26
25
28
24
18
19
18
14
14
12
15
12
16
8
10
5
3
8
6
7
2
4
5
3
3
4
3
6
4
3
7
4
3
2
2
5
3
4
5
2
4
3
2
3
3
0
;
;
; frq track 12 (harmonic 5)
;
; Freq. Factor
;
f111	0	128	-2
0.975
0.968
0.945
0.985
0.978
0.990
0.970
0.975
0.973
0.983
0.980
0.990
0.988
0.983
0.985
0.983
0.973
0.980
0.985
0.983
0.970
0.983
0.988
0.988
0.980
0.980
0.978
0.980
0.978
0.983
0.980
0.983
0.983
0.985
0.980
0.983
0.980
0.980
0.980
0.983
0.980
0.983
0.983
0.980
0.985
0.978
0.978
0.980
0.980
0.983
0.983
0.983
0.983
0.983
0.983
0.983
0.983
0.983
0.983
0.983
0.983
0.983
0.983
0.983
0.985
0.985
0.983
0.983
0.983
0.983
0.983
0.985
0.983
0.985
0.985
0.983
0.983
0.985
0.983
0.985
0.985
0.985
0.983
0.985
0.983
0.983
0.988
0.985
0.980
0.990
0.983
0.985
0.980
0.985
0.980
0.968
0.990
0.978
1.010
0.980
0.983
0.973
0.970
0.998
0.983
1.037
0.995
0.978
0.955
1.022
0.973
0.985
0.958
0.978
0.963
0.935
0.998
1.015
0.955
0.970
0.970
0.950
0.975
0.978
1.047
1.035
1.030
1.030
;
; amp track 13 (harmonic 6)
;
f112	0	128	-2
0
21
123
211
166
204
203
224
196
280
252
238
326
218
330
284
225
335
272
233
279
219
301
431
539
553
593
685
676
947
867
892
926
1046
933
1131
1246
1174
1050
1167
1063
1095
1025
934
931
628
557
434
346
313
173
145
114
91
81
68
56
48
36
32
24
21
18
17
16
14
11
7
8
7
6
4
5
3
5
5
6
2
3
3
2
2
3
4
4
2
4
3
3
2
2
4
3
3
5
4
3
3
2
3
4
6
2
3
3
3
6
7
5
7
5
5
4
4
6
6
3
2
6
3
2
3
1
5
3
2
4
0
;
;
; frq track 14 (harmonic 6)
;
; Freq. Factor
;
f113	0	128	-2
0.981
0.998
0.974
0.925
1.004
0.970
0.976
0.983
0.985
0.989
0.985
0.981
0.983
0.983
0.981
0.985
0.994
0.976
0.901
0.998
0.923
0.906
0.976
0.987
0.981
0.983
0.983
0.985
0.985
0.987
0.985
0.985
0.985
0.985
0.987
0.985
0.985
0.987
0.987
0.985
0.983
0.987
0.987
0.985
0.985
0.987
0.985
0.985
0.987
0.983
0.985
0.989
0.987
0.987
0.985
0.987
0.987
0.987
0.987
0.989
0.987
0.989
0.991
0.987
0.983
0.989
0.983
0.989
0.994
0.957
0.983
0.985
0.972
0.994
0.981
0.994
0.981
0.925
0.929
0.981
0.970
0.979
1.004
0.961
0.964
0.953
0.968
0.940
0.983
0.968
0.974
0.944
1.036
1.006
0.996
0.966
1.047
0.961
1.056
0.998
0.964
0.996
1.017
1.030
1.062
0.994
0.949
0.983
1.015
0.968
0.996
0.985
0.974
1.045
0.983
1.021
1.056
1.024
0.968
0.951
0.985
0.949
0.908
0.974
0.983
0.912
0.944
0.944
;
; amp track 15 (harmonic 7)
;
f114	0	128	-2
0
84
323
361
171
387
410
271
368
384
418
641
551
527
338
510
440
555
686
717
675
626
687
559
1504
1544
1768
1623
1627
1484
1593
1668
1755
1834
1918
2148
1985
1830
1933
1913
1932
1858
1730
1632
1168
987
815
683
631
549
391
355
279
216
161
111
79
58
46
34
29
21
12
14
4
8
2
1
3
2
8
7
8
2
4
2
3
2
1
2
5
4
3
2
2
1
3
4
4
2
3
3
4
5
4
1
5
4
2
5
3
4
3
4
7
5
6
7
8
10
5
5
9
6
7
6
4
3
3
3
2
3
2
5
3
2
2
0
;
;
; frq track 16 (harmonic 7)
;
; Freq. Factor
;
f115	0	128	-2
0.974
0.965
0.966
0.976
0.957
0.991
0.974
0.976
0.974
0.980
0.976
0.980
0.989
0.978
0.989
0.976
0.978
0.974
0.978
0.983
0.976
0.978
0.983
0.994
0.976
0.980
0.978
0.980
0.978
0.980
0.981
0.980
0.980
0.980
0.980
0.980
0.980
0.981
0.980
0.980
0.978
0.980
0.980
0.978
0.980
0.978
0.976
0.978
0.978
0.976
0.983
0.981
0.981
0.981
0.981
0.981
0.983
0.983
0.983
0.983
0.981
0.978
0.978
0.981
0.985
0.985
0.991
1.007
1.009
0.914
0.976
0.980
0.980
0.996
0.981
0.998
1.007
0.935
1.006
1.000
1.017
0.983
1.030
0.953
0.980
0.935
0.961
0.980
1.006
0.987
0.955
0.965
0.974
0.966
0.955
0.955
0.935
1.004
0.980
0.959
0.959
0.994
0.948
0.946
0.935
1.019
0.937
0.948
0.965
0.933
0.931
0.944
0.963
0.965
0.987
0.965
0.935
0.974
0.966
0.981
0.937
0.924
0.916
0.991
0.946
0.991
0.996
0.996
;
; amp track 17 (harmonic 8)
;
f116	0	128	-2
0
30
155
382
362
224
305
298
299
335
295
289
271
225
290
330
448
405
281
416
577
698
859
990
1257
1378
1350
1212
1224
1401
1433
1525
1658
1801
1957
2138
2088
1944
1839
1823
1889
1835
1790
1502
1166
894
771
582
436
436
276
228
180
135
100
72
51
35
25
18
15
14
8
8
6
4
6
5
4
3
2
2
2
2
3
3
3
2
2
1
3
3
4
1
2
2
3
4
3
1
1
3
3
3
3
1
1
3
5
3
2
3
2
2
2
1
3
2
3
5
3
4
3
2
6
4
2
4
3
1
3
3
2
2
2
2
3
0
;
;
; frq track 18 (harmonic 8)
;
; Freq. Factor
;
f117	0	128	-2
0.978
0.973
0.973
0.977
0.978
0.987
0.987
0.982
0.987
0.982
0.985
0.982
0.987
0.985
0.980
0.982
0.985
0.985
0.993
0.982
0.982
0.982
0.980
0.980
0.982
0.983
0.982
0.983
0.983
0.983
0.983
0.983
0.983
0.983
0.983
0.982
0.983
0.983
0.983
0.983
0.983
0.983
0.983
0.982
0.983
0.982
0.982
0.982
0.982
0.982
0.987
0.985
0.985
0.985
0.985
0.985
0.987
0.987
0.987
0.987
0.988
0.987
0.985
0.987
0.983
0.983
0.983
0.993
1.000
0.982
1.002
1.005
0.940
0.944
0.985
0.988
0.962
0.950
0.985
1.035
0.920
1.013
0.987
0.942
0.952
0.960
0.985
0.988
0.992
0.967
0.970
0.939
0.998
0.960
0.990
0.930
1.022
0.972
0.968
1.000
0.962
0.998
1.007
0.988
0.942
0.909
0.988
0.953
0.992
0.960
0.942
0.990
0.957
1.013
0.985
1.002
0.998
0.982
0.968
0.962
1.007
1.007
1.007
1.013
1.012
0.975
0.958
0.958
;
; amp track 19 (harmonic 9)
;
f118	0	128	-2
0
22
41
84
354
545
690
698
682
697
666
713
636
515
435
445
529
602
698
943
1210
1409
1527
1445
1514
2007
2241
2293
2370
2572
2619
2658
2786
3055
3269
3507
3707
3728
3528
3449
3445
3292
3215
2853
2522
1941
1539
1231
873
758
448
157
27
24
34
25
13
9
7
4
6
7
7
6
4
2
2
2
2
1
2
2
2
4
2
3
1
2
3
3
5
2
4
3
2
2
3
2
3
2
2
2
2
6
1
3
2
3
2
3
3
2
5
3
3
2
3
2
5
3
2
3
3
3
2
4
3
3
2
2
3
5
2
2
2
2
3
0
;
;
; frq track 20 (harmonic 9)
;
; Freq. Factor
;
f119	0	128	-2
0.973
0.966
0.984
0.975
0.978
0.978
0.979
0.979
0.978
0.979
0.979
0.979
0.979
0.979
0.979
0.979
0.979
0.981
0.984
0.979
0.978
0.978
0.976
0.978
0.976
0.978
0.978
0.978
0.978
0.978
0.979
0.978
0.978
0.978
0.979
0.978
0.978
0.979
0.978
0.978
0.978
0.978
0.979
0.978
0.979
0.978
0.978
0.978
0.978
0.978
0.981
0.981
0.972
0.978
0.981
0.979
0.979
0.975
0.981
0.976
0.973
0.978
0.972
0.976
0.970
0.987
0.990
1.018
0.984
0.997
0.961
0.997
0.988
0.958
0.987
0.951
1.018
1.016
0.973
0.994
0.982
0.929
0.987
0.976
0.982
0.957
0.982
0.975
0.969
0.969
0.972
0.981
1.007
0.970
0.967
0.979
0.984
0.979
0.984
0.946
0.967
0.955
0.976
0.967
0.943
0.949
0.991
0.949
0.984
0.991
0.990
0.972
0.963
0.979
0.997
0.973
0.984
0.988
0.975
0.961
0.970
0.981
0.987
0.930
0.991
0.979
0.975
0.975
;
